13664258
5799940
55738373
65540
55738378
196619
55803916
9830429
98346
196650
9601069
65582
753712
9830450
36438069
262204
98364
55771207
819289
9830490
55738461
98398
100
101
102
131175
103
55836777
55738474
426091
3637356
104
105
106
3735664
107
108
109
110
111
112
113
114
524409
3801209
655483
55804028
123
124
125
458880
126
55771266
55771267
127
128
55771270
55836806
129
55771273
130
55804043
131
55771277
133
134
135
136
589970
140
141
98459
55804072
491690
426159
55804080
56066230
56066233
65723
196800
524483
688332
655564
458958
196830
393444
262385
655603
55836921
55771386
491772
55771390
819454
55771392
55836933
55836935
9830671
229648
5734678
459033
229660
164124
14811422
786727
819497
14188841
33068
590136
56066360
295230
55771455
56066373
819527
14287177
5570896
524630
56066402
3637610
65901
557436
393607
721291
55804300
131470
55804303
229775
9798038
55771552
229793
655781
9601445
5833128
262568
55738794
5702092
393676
55771599
55771603
55771604
197080
55771610
262619
55771611
55771613
55837157
33256
4882924
164335
55738866
164339
4817404
55837180
131603
55771673
557595
262683
393763
623141
66086
9568811
623156
115
116
66123
819787
117
819794
118
119
9896536
120
121
122
426608
98929
9863793
6062707
3474036
55771765
230017
5767814
656008
3441290
98960
56066711
132
33444
55771814
754346
754347
98989
98990
137
492213
55837373
15237822
754366
688832
56033985
852674
66243
55771848
623304
3637963
55771853
55837397
819932
5538528
14090981
852710
4948721
56034037
590582
99086
3900177
33556
5112601
852767
590637
9601839
721736
656203
66388
525143
557911
557912
39355227
55837540
9831272
55837548
656259
754567
4424589
55804814
164756
56034212
623525
33391530
55804843
754611
66497
56034248
56067022
33746
230360
56067037
4031455
4359138
426981
33765
230376
426985
55837676
852974
7668718
33783
230399
55837698
787459
99338
55804939
56067084
197646
66576
55772187
41518109
3834911
394279
56067115
9602092
33839
525361
66610
50005050
4031550
99393
296027
5178459
4457564
55837788
296034
99427
754792
55805033
558186
820332
4031597
55772272
56034421
164994
558220
56067214
591027
33977
55805118
3835071
853190
33991
9602256
9635024
99543
99553
55837925
787686
558321
55805182
99591
558348
55837968
5637394
13436179
394516
591135
296224
55837989
722217
427319
99643
5637435
853313
55805250
787777
460104
99667
4523347
9831769
5211482
99676
623971
623977
66923
55805298
5408123
66941
55805315
820612
55805319
3442056
55805321
4687240
296335
460177
15041956
624037
99753
853422
755122
132530
9864632
460222
34240
10683850
591307
722392
5113323
787956
55772676
460295
853517
55838234
67102
56067614
460321
427554
56034854
132648
56067624
624173
132654
55772720
5211697
55805493
55805494
5178939
99904
55805506
55772739
34373
55707206
55805511
55805514
3376716
55772756
624215
55805537
55805544
165485
5047925
165493
689781
55772793
5015167
296577
558722
820868
591492
9864843
55838349
34446
493203
853652
525973
132757
4261531
55805598
165536
591530
558772
4753078
722614
657079
9504442
5047994
853696
34504
4654794
853707
14091995
4359909
3770098
55805683
853753
395009
55772939
526094
55838481
67352
853784
56067868
395037
34594
50005804
55838512
3671857
55805746
55838516
55838517
56035124
56035127
5179193
9832256
591689
788303
55805805
558968
395132
1410955
624531
591764
9602966
37619606
3540895
690084
296869
853927
755623
690096
5736369
55838641
788411
55773122
722893
9766875
4458462
853985
853999
34814
15828992
56068103
9603086
9734158
34837
34838
800000028
559135
722978
800000037
133158
493606
460843
34860
800000048
800000052
800000053
800000060
800000063
198721
133187
9570377
100456
67690
854130
5998706
9767027
854134
34937
56068221
264322
55773315
800000132
55806088
800000137
9504908
55806092
39848083
800000148
67734
800000152
50006170
800000155
800000156
800000167
67751
9636010
800000171
800000173
800000175
3672240
3737792
690371
788679
55773384
800000202
788682
800000204
493778
461016
800000217
10586330
690401
35045
800000231
800000241
133363
428276
56035572
800000247
55773433
800000253
800000256
67841
35073
800000257
35078
800000265
100620
800000272
800000273
800000274
800000275
800000276
35094
800000278
100632
41388314
35100
800000285
67869
821535
55806239
854304
800000286
800000291
100644
35114
821556
100667
35134
756033
100674
5638467
100679
756042
657744
297300
461143
800000348
35165
100718
35190
55839097
67961
461178
800000381
800000385
3770755
67971
800000390
800000391
100745
100746
67979
55740813
800000398
5245328
4262290
55740819
67988
100757
35222
3770772
100759
297369
55839130
35225
526748
55773598
55773600
3508643
35236
10226092
5245362
690611
800000436
800000437
800000439
800000443
35261
3705279
100800
428481
55839167
800000454
800000455
800000457
800000458
100811
800000460
800000462
800000463
800000465
395730
800000468
35285
9603542
800000470
55740888
800000472
100827
100829
100830
800000483
100835
55806435
800000489
800000490
100843
100842
264681
264686
55839211
100848
800000498
100851
4557299
800000501
756225
35329
100867
800000516
526849
100871
800000522
100878
800000527
800000526
55839249
4524565
100888
789019
5900828
35357
100894
494112
789025
35364
13961764
800000552
55806505
100907
100909
800000557
800000561
9636401
800000564
800000565
800000566
800000567
800000568
55740983
100918
100923
690759
55806541
100945
68178
55839322
9570906
4721244
199259
100956
68187
800000607
100962
100963
9603683
199269
756323
35426
461417
35438
559726
35455
133760
55773825
3672706
55741061
800000652
35475
5048980
55806614
35478
68246
101017
55806618
68252
56068765
800000673
101026
800000675
494243
800000677
723622
800000679
800000680
68264
101034
101038
494257
68275
101046
800000699
101052
68285
494269
800000702
800000707
800000708
658118
800000714
35532
800000716
800000725
800000730
800000731
800000741
199400
428780
461551
800000752
800000753
800000754
800000756
55806714
800000763
55806717
800000766
133888
756486
800000777
800000778
658185
55806734
101135
800000784
800000785
101138
800000788
800000791
4754200
55806747
428828
800000797
800000796
800000800
55839525
68389
800000807
800000811
800000813
800000815
56036153
428860
800000841
800000842
723789
166734
9571152
756562
800000855
101210
461659
800000859
232288
3804002
101219
297826
55741291
55806827
101230
56068978
101234
56068980
101238
723831
101257
9997198
39521168
800000913
55741329
800000915
800000916
800000917
789392
55839639
5933972
396185
800000923
800000926
800000927
1772448
800000928
800000932
800000940
800000943
101298
800000947
800000948
800000950
800000952
723903
101319
800000973
101330
101334
800000982
800000983
800000984
800000985
789470
800000991
800000992
166879
101345
800000993
5147619
800000996
723939
101346
101353
461802
855020
101358
101360
494584
15928314
101373
55806976
55806977
5966849
55839749
55806983
101389
800001042
11963411
35860
800001043
800001046
56036375
265245
265250
101411
396323
166946
298023
822313
101418
101419
855083
56069162
101420
35888
101426
3443764
691254
800001080
101434
101435
265275
800001085
35903
800001088
800001087
3443778
800001092
101444
3902533
822343
800001095
800001096
800001097
592968
101451
101452
800001099
800001101
800001103
101455
298065
55774290
101458
101460
101461
800001107
800001112
55872601
527452
396383
101471
800001121
3935330
800001122
55807075
55774313
800001130
101485
134254
593008
800001137
55741555
800001141
101494
800001144
800001146
101500
101503
658563
396420
101511
5737610
800001164
68749
691343
789650
55807123
101524
4557970
724116
9768088
101532
101534
101536
4754593
55839916
756909
13962418
101559
232632
800001210
101563
4230331
134335
800001216
101575
724168
800001225
101576
593100
101580
724175
101585
462033
800001235
55807187
462037
800001236
101593
101596
55839964
800001246
55774433
800001251
800001256
800001257
101609
800001259
800001260
658671
55807216
55839991
55741687
800001274
101633
800001283
800001284
101638
800001286
800001289
56036620
527631
101648
232719
101653
101658
800001307
101660
800001308
560412
800001314
101669
101670
9604391
101671
101673
36135
101674
724264
5147957
232761
232763
800001339
800001343
800001344
800001345
800001347
5999939
800001352
800001353
4689224
101713
101716
11898197
68948
800001366
800001370
800001371
800001372
800001373
101723
56069468
4164960
560480
298338
101729
101732
822630
55807341
101744
200051
3607923
101747
55741811
55807347
36216
800001401
55774584
462202
55741820
101757
800001411
800001412
55741830
101767
800001414
800001420
232844
55741841
593302
800001437
56036766
101791
101796
55807397
55807396
800001447
56036772
101803
800001452
55840176
15076784
101810
56069554
593341
9637314
800001478
101835
822731
101841
36305
55807441
55807444
55807443
800001494
800001492
55774683
724444
55807453
462302
800001504
69092
800001509
55741926
55807461
800001512
800001513
200169
4689384
55741928
55840237
101870
691687
800001520
800001521
101873
800001522
658930
800001525
69110
101879
800001527
800001528
101882
800001526
101887
691712
101894
800001546
3542542
13995539
56069662
800001567
101919
800001569
101921
55741991
55807528
101929
495146
55741995
658986
396842
800001581
101934
855602
3378741
101944
800001596
56069693
233022
55807556
101956
55807558
101959
800001607
55807567
101968
429650
55807572
101973
800001627
55774811
800001629
55807583
298592
101985
800001634
724579
101988
800001636
101991
800001639
37621351
800001643
800001644
55807598
102007
102017
55840387
102020
233091
102022
800001667
102023
800001670
800001671
41553546
102028
102029
800001678
800001679
102033
800001681
102041
102042
495259
102044
233115
800001691
800001692
102048
800001701
102057
102061
800001714
69299
55807668
9637557
800001716
560818
800001718
800001719
800001720
102070
3509947
55840441
233150
55840444
102080
102082
55807684
724676
800001734
9866950
822983
659143
560840
800001738
800001739
55774925
800001744
800001745
55742160
102096
55807700
102101
800001754
800001757
102111
33394407
4558567
724714
560874
462577
593651
55807734
800001783
800001784
102134
593658
800001786
593660
102141
102142
55807739
823039
102143
36602
55807748
102157
800001810
790291
55807765
397078
800001816
757531
790303
55807779
102186
55775018
397098
102187
724782
55775029
102200
55775033
9572157
397117
102207
462663
9506633
102220
102224
55742290
55775060
56037207
102234
102241
102249
55742327
4329335
102273
102277
724870
102281
757644
429969
55742356
102297
790437
102310
56070054
429993
102316
9506734
855983
659381
266167
102328
102331
724931
135107
102343
14225353
528332
233420
757713
102356
757723
757732
102373
102376
55775212
102383
757745
102387
102389
102400
102402
430088
5902347
102412
102416
102419
4460587
41652275
757816
102458
102459
36924
36927
102481
561243
102501
56037478
102502
56070249
102507
266353
3641457
3936378
102522
9801851
56037507
56037508
56037511
102538
34082955
69774
55808144
102550
3543190
9703576
9474206
14291106
15831208
9670832
102577
102580
102583
9474232
69817
102586
561339
856258
102596
430276
102598
800002244
626891
594128
659666
800002258
102613
233686
594135
800002269
102622
69855
102624
800002275
397540
800002278
56070375
102633
102634
3412205
800002285
69872
626929
800002296
3444992
102659
823563
528653
800002320
102674
3707159
463135
800002339
463142
800002347
800002349
800002360
528696
800002363
692540
800002366
800002367
800002372
800002374
800002375
823625
800002378
800002379
9605449
800002381
233801
800002383
800002384
41619794
800002386
800002387
800002388
725332
800002389
800002391
800002392
299353
823639
800002395
800002394
233820
800002403
800002405
495979
758131
70004
299400
3510683
594333
856489
10686890
233902
299443
299444
5247412
13406648
3838393
430528
430532
4264393
758239
800002528
800002534
3609063
800002535
528882
800002546
9474548
561653
9540083
561666
626155
397833
5214736
168478
561698
800002594
594468
56037936
3543602
266805
791106
430663
13832779
55808591
266835
692824
9867872
56037989
56070759
70247
56037994
55841389
55775857
800002678
800002682
800002684
627333
430727
56070793
800002697
135834
9867934
5903008
9769636
561838
463537
56070835
266933
33526456
627393
70346
56070864
41685716
56070871
800002777
800002778
800002779
800002780
496349
70379
3773180
594684
50008830
627454
234252
463628
70417
56070929
3674899
4657951
55841567
55808805
55776038
594730
70448
824115
660289
9769806
4854608
725852
168799
365413
70503
50008936
55776116
5739392
70529
463749
70536
168841
791434
56071052
9474962
299927
529309
365473
4854695
55808936
70572
725933
41685936
758706
168883
627637
267195
365501
431039
41423807
56071110
56071126
791514
56071136
496610
398309
55808997
56038382
234482
9671667
496637
13865992
594952
136216
9573409
70690
70689
4920358
56038448
55809073
627770
463937
169025
70725
300104
55776330
9966668
70736
5444691
267349
55809113
398427
41489501
857182
595047
726119
56038511
41686131
55809144
70777
398456
595067
70784
70789
136334
55841937
4428946
365723
11932828
300206
9540804
5805263
800003286
14783704
55842008
70883
14783724
56071411
70906
562430
103688
398602
9671947
660751
70928
55776533
9868568
595234
55776553
496943
15930677
398652
824648
5215560
496974
70992
71001
55743834
431452
169308
55743840
9540965
9540968
562539
562547
4330869
497026
660868
71052
300432
41555353
300444
497053
800003491
759211
56038829
300479
55776704
55776705
55809474
824771
4199877
628179
300501
55743957
56038874
55743963
55776732
800003550
800003553
71140
792037
3347942
726501
800003561
792042
300524
824813
55809518
628210
628211
800003575
800003577
660986
103930
497157
595462
71175
55809548
497170
71197
4691486
71198
5051935
55809571
14128686
366127
693809
3642936
71242
800003661
366163
56038999
530015
55776873
661101
136815
55744115
595573
55744120
3937914
55744140
71310
792211
792217
56071841
14816933
56039095
55842503
661195
464600
55776987
628447
464611
15275767
56071928
759545
37689088
366337
825090
4298502
595723
55744282
71450
136986
55744283
38684
55777057
55744290
55744291
55744292
55744293
55777064
55809834
726832
530228
55744325
55777094
464710
56039241
366412
431956
3774298
55744352
55744355
55744356
628583
55744361
563050
792427
726889
300914
497523
169845
55777144
55842691
55842692
55842694
3774344
530313
55842700
55777166
55809935
530318
37623695
792467
55777176
9901990
137132
464812
71603
15767477
55744437
55744441
366521
55842749
55842750
4298687
628672
55842752
55777219
55744454
137167
55744473
55744474
55744502
3807222
55842819
3807244
55842837
55744537
366617
55810078
55777311
825377
301091
268324
399402
71724
55744567
5937208
9836603
759868
4397117
235584
399425
563267
104516
55842892
858189
530516
399444
268374
55777370
71771
55744605
497759
9672802
235619
792674
71782
4462703
56072310
596087
366726
137357
55777427
15767705
596122
596133
530603
202940
9574597
497862
55777479
55777481
55744713
55777482
432332
497874
825563
55744731
37624034
71907
55777508
55777509
55777510
55777518
4462837
55777526
792822
55810304
55810308
55810309
56039686
629000
55810313
55777546
56072460
55744781
399629
55810317
137497
55843098
399646
497958
55810345
55744811
55744813
137520
55744817
55744818
55744816
5642547
792886
694587
55744845
55744846
366928
55744850
55810387
55810396
56072571
55744897
55744903
55810447
203151
37624211
15636897
694704
760241
498099
3807670
530875
5675453
55777732
55777736
661962
793044
55744993
498152
465393
9640433
5872120
72184
55810556
55810557
694784
55810568
530960
55745048
56039974
56039976
56072744
56039978
56039979
10099242
203310
72239
236080
9869871
55810609
55843381
760394
825949
236126
55777890
727658
56072812
825967
498309
9476751
56072848
39569
9607826
3512979
793239
37755554
72361
56072874
400046
9870034
56072915
56040149
56072930
727785
695023
3939064
138009
56040226
55778086
39722
55778092
400177
41425725
72509
55810880
596806
596810
39755
432976
72530
695126
55745368
55745369
55745371
55745372
596827
56040287
138089
55778154
138094
433008
72561
236400
433011
531316
55745397
465799
269191
629641
39817
695180
56073105
39837
55778207
14490527
498594
433060
433066
465845
5807031
55745474
15571912
826313
56073162
859085
56040402
695260
39903
55811039
826340
56040427
55778285
56040430
5544951
3578887
597001
433186
55843887
56040513
3841091
564294
498759
55745611
9477199
55745621
56040553
55745641
236651
171118
826478
9772146
55745652
55745658
400513
171139
695443
56073363
662676
55778452
466072
629914
531617
15113377
4005027
41688240
302257
5512370
105655
33397944
269499
9608391
728266
466129
597202
4693204
3349726
5545201
793845
630008
171256
138492
105742
9477398
793882
793887
269603
171304
73002
5709101
105779
761151
55745860
55844166
6069580
466252
400723
55778650
56040794
433512
9543017
105833
40301
761203
55778694
236937
50011536
761236
695700
55778711
55844248
73113
728475
9739681
4136361
4824490
368045
56040878
859566
3481011
73143
302529
204225
499140
9805255
400848
56040920
695770
826844
55746012
56040940
55844333
269820
138749
40447
630273
56040966
564747
7691
55844368
55811607
9608733
761381
302634
55778859
9477676
9608753
40507
5742174
237153
826983
55811696
40561
55778934
55811703
761472
9739906
3448456
9543309
695950
204431
55811731
761494
794271
55778979
695974
4267687
9608873
171691
55811761
55746228
663223
4824760
9477816
9739960
433847
630461
4595394
3776205
15441632
9740000
73444
55811814
56041194
5119727
827126
73463
696056
55779063
499468
663312
597779
56074010
55811874
55811875
302885
55746341
56041255
5250854
55811887
56074033
56074038
55844666
56041290
106327
55779164
40804
55811943
55811949
499579
270204
270216
3907465
860044
55746455
565144
237472
728997
237488
827313
55779250
56041416
729033
303064
303066
401377
56074214
5382125
761838
466930
55779323
40963
55779350
55812126
55812131
55812134
5185577
729135
270388
565306
860230
55812167
630855
73801
41394255
55812183
860250
860256
532576
56074338
55812200
794729
696431
3874929
368776
499852
532621
9740433
55779489
696482
9707681
56074407
55746730
55779502
55779503
565424
55746738
41142
55812282
401595
598211
56074446
3514598
55779566
598256
55779570
55812342
5382403
55746820
4366600
303375
401686
55746840
37626138
56074526
794911
205089
532775
368935
41263
565551
56074546
56074547
55812406
696632
762170
368962
532810
55746890
368970
55746894
205145
3711326
9609566
55812451
9478502
41319
41323
860532
74106
696698
205186
139655
55746963
172436
4858261
5251477
55812511
55746979
74156
3482029
9773488
532916
401847
74167
762302
9478593
56074690
467404
56074706
9544147
467412
238041
762336
696814
500210
9609714
9576951
139767
15311360
172551
9871879
55747085
401935
664080
631313
55747093
729622
55747102
598559
4727334
13967916
401981
139845
55812680
55747149
467542
631385
795234
762467
41427558
631403
55747182
14721653
55747202
55812742
565895
5481096
55812768
205474
55845539
238244
55747235
271016
533164
41558701
369340
631490
762563
4629188
55747270
55747273
12034767
55747279
598739
598747
56074972
434912
697057
4629230
55812850
56075014
55747340
434966
500511
55780129
56075042
55747364
55812906
795435
55747378
55747386
55747394
55747396
55747397
55747399
435016
55747401
41809
3482453
55845720
41823
55812961
56042350
435055
56042351
56042353
55747442
664447
41872
33399699
55747478
41888
55747490
56042410
631724
55813037
435119
55813039
14164912
55780274
55813042
55813045
55747510
41909
55813050
55780285
55747517
55747518
55813056
467902
55813059
41925
41690054
55813067
271308
55813069
55780301
55813071
566223
55813068
55813076
500696
828377
56075234
5874661
55813094
55813093
631787
828397
14230523
828416
271364
205838
861204
55780382
9872418
9675813
56075316
599093
55747639
697404
664643
9610310
369734
55813194
369746
369747
500822
500823
3843174
861291
42091
9774190
5317753
795770
828541
3974270
42114
861315
55813254
55813257
9675916
664717
763021
435360
533670
74936
206014
599231
55813321
238794
55813323
55813322
55747786
238799
55813328
664785
5612755
861401
107738
55747804
697571
369893
55846127
55780594
55813369
9807101
55747840
55813379
55813382
55813383
55780627
42261
4433176
271644
173341
55813422
42287
75070
75072
3581248
75076
501061
9577801
763213
599378
42325
763226
664924
238956
501102
42360
55813513
56042890
75149
15869329
56075666
9872788
533912
1615257
468380
730524
566689
42406
271782
665002
370091
271788
271789
42415
42416
763315
55813556
828853
9577912
9577914
55780796
9741759
9577934
370129
42455
402906
796125
4400607
9545186
599535
402929
271881
11806219
42507
140815
56075791
37627408
435737
9807386
828962
9545278
140878
796238
829013
501343
697952
5580391
534123
5252718
271991
9873019
37627522
796294
56043144
272013
435854
56075923
37627539
56075925
698008
75422
42657
698018
3647143
272041
75437
9709234
730807
370366
75455
3581630
55813825
272066
9643716
42692
698054
370372
37627594
763615
239337
55846637
55781104
56043251
829180
861950
632576
403202
5154563
9578245
55781125
3352334
10000
10001
10002
10003
10004
10006
861975
10007
10008
10009
56076059
304924
10010
10012
10013
10014
10011
56043298
370475
55846701
632623
304954
75580
55781186
9709379
829261
272206
403279
4859729
55813974
56076121
55813979
55813981
698208
56076130
272233
55813999
10101
55781238
10102
10103
10104
42874
10105
10106
10107
10108
9742212
56076167
173963
632717
370573
731024
55814045
4269984
599971
403368
55781289
436137
534443
370606
239536
403382
796598
370622
5744575
567235
632776
501704
56076240
862162
50014166
55846871
10201
55814106
501723
9545692
55846877
10202
10203
10204
10205
10206
4859876
56043504
5744626
56043510
56076281
41461758
55846912
5384194
75780
665609
56076297
9480212
4859927
370716
10594336
5744673
56043555
55814183
5744684
75821
698423
10301
501822
10302
10303
10304
10305
10306
10307
55814219
41363536
731228
75872
56043617
56043618
56043619
1353847
370808
370809
370810
370814
764033
1353859
403588
600202
56076435
56076437
75927
9578648
141470
10400
10401
10402
10403
10404
10405
10406
10407
10408
40380595
567479
4860089
665785
56076476
55748800
108738
5318851
469189
567496
15280339
1353945
633063
1353962
370926
55814384
436471
305406
567554
10500
10501
10502
10503
10504
10505
10506
764171
55814418
55814422
55814423
436510
436512
5318956
55748909
55814447
239923
370996
43318
469303
55814458
239933
55814461
1354049
55814466
764233
55748940
56043853
56043856
1354069
56043866
371039
10600
10601
10602
10603
10604
10605
56076654
10606
10607
56076657
55748978
403827
10608
10609
10610
10611
10612
10613
10614
5220731
403836
731529
56076694
4598171
1354142
567710
76199
3418538
371115
141742
108978
43447
76216
43455
9775552
10700
10701
10702
10703
10704
10707
731604
10708
10709
10711
55749082
56076769
43490
1354211
55814635
797166
43503
6040058
731644
55749120
55749137
4631064
1354269
305699
829988
272933
600614
371238
55814696
55847463
10800
10801
10802
10803
55749172
764469
10804
10805
10806
10807
10808
10809
10810
764479
305731
305745
371284
3877463
56076889
567898
55814748
469597
55814761
305770
4598387
273023
305793
436867
36448902
9480839
436873
55814796
43666
10900
10901
10902
10903
10904
10905
10908
731805
535197
10909
10910
10911
567970
10912
10913
10914
10915
10916
10917
37726889
10918
1354411
633516
10919
10920
10922
535219
56076983
273097
55814863
1354450
469719
4434658
43748
1354480
535280
436980
11000
11001
535290
764667
11002
11003
11004
11005
11006
11007
11008
11009
11010
11011
11012
11013
11014
11016
371466
273170
55814936
3353371
240412
55749405
55814944
600882
371508
9677624
240448
55814977
1354564
273222
55749448
437066
56077134
502614
43865
11100
11101
11102
43871
568160
11103
55847779
43875
633703
43881
502635
56044397
55815024
469875
4205427
43898
666494
764799
502655
764804
56044424
207753
535436
863130
55749531
535452
863141
14330802
306099
5581753
732090
5155772
9808830
764864
9743297
11200
11201
11202
11203
11204
11205
11206
11207
3386323
863190
1354711
601050
9743328
404462
371697
44025
55815163
55749637
830480
863259
55815200
11300
11301
11302
11303
11304
11305
568370
56044595
55815224
55815225
55847995
4828226
502850
55815235
371787
44124
56044639
55815265
50015330
404579
1354850
55848041
437354
44143
1354864
437359
55815279
4762741
55848053
371831
56044663
4959361
699526
11400
11401
11403
55782540
11404
55848078
11405
502928
11406
11409
11411
470165
55749782
11416
55815321
11417
11418
830625
55815333
175270
3386533
404652
55815342
55749807
5450928
55749812
9645239
306360
9645240
6106300
9776336
55848145
4795604
1354965
56044756
56077526
37629145
50015455
55749862
11500
11501
11502
11503
55749872
11504
11505
11506
11508
830719
306431
371973
1355016
55815433
404755
732439
55815449
797978
1355034
55815453
273704
55782702
56077615
372019
4599102
55815486
55815490
9776453
55848264
55848265
55815498
55782735
11600
273745
55782738
11601
11602
11603
11604
55848286
55749982
55749983
208230
55749993
241003
55782767
5746034
56077683
1355126
44409
1355132
4599165
1355134
5254525
404878
4697497
1355175
863662
3780015
3616175
14626227
11700
11701
56077750
535991
11702
11703
11704
11705
11706
11707
11708
4959679
11709
55815620
55815621
55815629
55750098
55782877
634334
33402337
55815652
55782888
55782890
55782892
44530
9612802
9612803
699910
601611
634382
306708
601620
634390
11800
11801
11802
11803
11804
44573
503326
11805
11806
863779
470564
56077860
765480
3976745
732718
9645625
33402429
55782973
470596
1355336
3616354
700003
798309
798310
732782
732787
568954
11900
11901
11902
11903
11904
11905
56045186
11906
11907
11908
11909
568971
798360
700060
437916
9809572
1355431
5549736
372396
1355441
9776821
55848630
634553
405181
4468418
55783109
503494
44744
5189323
1355472
863953
5222106
12000
12001
12002
12003
12004
12005
12007
55783145
12009
55815915
12010
12011
470766
33402607
634610
44807
38547208
55750409
831241
55750412
55750423
55815959
3878690
55750448
55750449
56045364
55815992
1355580
12100
12101
12103
12104
405321
12105
12106
12107
12108
12109
12110
12112
12113
3878741
41332569
307035
55848798
44901
372585
208748
4829037
405360
274298
55783297
4796290
1355652
372618
602004
77717
55783322
44956
864157
12200
12201
12202
12203
12204
55717805
12205
569263
12206
12207
12208
12209
12210
9580471
470968
3321783
9711545
3649467
44992
831425
55750595
798670
274383
405455
274385
733140
110553
831455
55717860
45035
143347
55783424
765953
55816201
241674
12300
241677
12301
12302
12303
307217
12304
12305
12306
55750677
12307
12308
12309
55816217
12310
307227
569372
471069
41562142
12311
12312
12321
307233
733232
55717936
45107
241720
634938
55783486
503879
372807
55816267
55849036
3682381
3321940
503893
503895
733273
56078429
798815
274529
55717986
9875556
55783527
4862063
12400
55816307
12403
12409
176250
12410
12413
12414
12415
12416
45185
12417
12419
405636
12420
12421
438424
733339
700576
471201
667811
4141232
9613493
766134
4010169
307386
766140
55783612
3322046
56045766
55750856
12501
55718102
12502
12503
635098
55750876
55816413
536802
471266
55816421
3322089
9875689
569583
9777393
831739
45307
504061
4731146
798991
55849232
373016
373017
3846425
766235
373018
176415
9580834
3354933
12600
12602
12604
12605
12606
12608
12609
12610
12612
55718214
12614
12615
733513
12616
78155
56045900
733517
12617
4895055
799056
438609
536916
176469
56045918
55816549
55718245
405869
635253
733558
55783809
9744769
3322244
55751045
78217
242062
55783823
55783831
12701
12702
55783839
12703
12705
12706
12707
55751076
307624
602538
307628
569773
55751088
9679285
9613751
55783865
864698
307655
373194
55849420
78285
78286
799185
668119
55783895
3322329
569821
3322337
55751139
55751140
307687
55751146
373226
55751148
56046061
55751150
373231
55816697
700922
12801
12802
4108803
12803
12804
733708
9744910
602644
55816727
307745
15905316
9482794
55718444
55816750
5157430
143927
864831
55816768
55718466
438850
242245
55816774
569925
3420743
307787
9482834
307799
56046168
766551
55784029
55784035
569956
12901
12902
12903
12904
55849577
55751276
56078959
55784055
56078970
56078971
733818
45693
569981
5157501
242308
5419652
55816846
55784091
209576
373421
307889
668339
55784122
701121
5976773
45766
55816904
13000
13001
55816907
13002
13003
55784143
55718610
733909
55784152
9745113
406232
56046306
602853
373487
373488
832242
701170
3486458
56046332
373502
9483008
5419793
865044
3322646
55816987
111398
37630758
78635
15086380
668461
13100
13101
13102
55784241
13103
13104
766775
55718717
55751486
55817031
144201
55784268
55718736
41497427
55784277
55751517
56079200
144226
41694054
1848169
55817071
55718768
55718769
55718770
55718772
504694
55817100
9646989
56079245
13200
13201
13202
13203
13204
3322775
50017182
373663
78754
55817127
56079276
55817143
177080
55784375
55817147
56079294
9778111
9778116
55817157
55817159
78796
9778125
56046543
1356751
56079313
701398
177110
144344
55751643
9778142
9778149
9778151
373741
13300
13301
668662
799734
13302
275451
111620
10400776
799757
55817233
5026834
56079379
242717
56046627
9778216
9778217
9778219
537645
9778221
1356849
9778228
144440
55817274
9778235
1356861
734276
767044
9483337
1356882
55850071
13400
3322969
13401
13402
13403
13404
144478
668766
13405
56046689
13407
13408
439397
1356902
406636
55751788
603248
308336
56079483
55784580
3323023
55817359
1356945
55850131
570515
55751836
308381
55751838
865440
1356960
55784609
46244
55751846
701616
55817396
55784633
13500
13501
13502
13503
13504
55751874
55817411
55817413
55784645
636105
1357002
55850187
4568268
439504
308432
55784658
3323093
55751896
55784664
3781850
668891
799964
668895
865504
55751905
55751906
4207845
50017529
55751942
570632
55784725
13743386
570653
46366
13600
668961
13601
13603
13604
46374
13606
13607
9876777
13608
46379
13609
13610
55751987
55850292
144692
79159
55817527
865593
3323201
570707
9712985
56079705
1357163
832875
406896
832881
55817588
55752055
1357176
603514
9745787
6108542
9581954
13700
505221
41596294
13702
13703
243087
243089
56079761
55752089
55752091
14824868
55784869
56079783
5977511
55784877
1357240
865728
1357255
50017740
832976
55752148
9745878
5912023
46551
374232
243163
50017756
112094
800222
9582059
55784940
55850485
3487232
55850499
79367
3323407
767505
9549329
9877011
734748
1357347
79396
46630
144937
374315
472627
833084
243260
374334
79437
5944910
865872
407121
46674
472659
702040
56079962
56079963
15644253
56079965
276063
55785057
636515
37631590
55817839
3323506
505469
46726
55785101
56080015
276118
55785110
55817880
6207129
4109981
276140
14001
55785138
14002
14005
702136
9877182
603839
767680
3716799
55785152
669381
472773
407237
308937
79562
374474
603854
472783
55752400
55752408
55785179
800476
407263
833250
56080099
833256
1357545
55752433
55785201
800499
55752436
9778934
79609
505593
866045
9746176
5256962
56047363
636674
55850764
14100
56080150
243479
14102
3323678
55818014
55850782
9778976
55752481
735014
112424
9778994
55785267
3323700
735029
9778998
9779008
55752512
407362
55752517
79688
1357646
9779025
276306
1357659
24098654
4470630
4568936
56047469
56047470
55850862
56047476
56047479
55752567
538488
56047481
56047486
79745
178054
276361
79753
505739
55785357
178069
374679
374682
9779103
9746335
55850912
505766
1357735
767913
50018217
735153
55818173
56080323
538575
702418
669666
9484261
9779191
9779192
56080382
374791
9549834
669720
55785499
24098844
1357856
571426
55818275
702498
636969
55785517
5158965
243765
538677
9779260
55752769
407617
3356738
3323972
9779286
833625
37632090
47194
55785564
604254
4634733
55818356
5814390
55785591
55851128
55851126
637048
9648252
178301
55785599
4438144
571524
768134
55851147
9812115
768149
538776
9779353
55851168
47265
50018471
55752874
374957
9779377
55818419
3422389
9812152
41695418
3651773
1358016
55851206
9779404
604367
55818447
702673
702684
50018545
112885
637174
407800
506106
866554
604414
80134
702732
80145
9779478
6076694
9582881
145702
55851304
3422506
407851
735534
3717423
9779506
55753014
80189
9746750
80191
833860
145733
14660
178503
407881
80202
56080717
9550164
9714004
375138
5519716
50018669
833904
735602
14432637
113023
571775
9779587
56048008
55785869
5028238
113038
473493
735642
637339
3881371
4143516
80294
56080812
56080814
55851452
735688
80336
637393
375249
50018778
801244
56048093
9583072
55753186
13318630
56048103
56080880
539125
3324417
9583106
211464
309768
866831
55786001
80401
47649
1358380
375362
9583171
47687
9779785
670282
10402381
80467
10402399
146018
50018916
55818855
55753321
4635242
1358444
604780
473712
211568
4143732
47733
56048245
572024
56048257
244355
50018954
801419
801424
801425
375445
244391
244392
80552
9779880
56048305
80562
244405
866998
50018999
670396
56048317
670402
5159626
9779915
375500
55753422
309968
47834
55753435
14531292
637673
80618
3324666
736001
55753480
55753481
41433864
80655
7944976
375572
4143893
506645
15481624
55786268
834333
55851814
4569902
56081198
55786289
5389107
55753525
572216
506682
15743803
15165
56081216
3324738
3750728
9780052
375636
9780055
55786331
55851886
801647
375671
14629751
670588
867197
277378
3324809
474005
9878429
670631
55786408
80809
277439
572355
55786441
637905
768980
56048602
244699
637916
867301
56048614
48108
56081389
55819244
736239
605172
5192696
56048639
56081408
670729
48141
55819278
801807
769047
9583639
539673
4471836
4471838
55819295
9780262
56081447
637996
55786540
9813042
55753783
179259
3718204
9780286
55786561
55786562
441410
55786565
5258329
24099930
3390558
801887
572510
55753824
55852132
56081513
55786603
179313
56048756
769144
55852154
834689
55753858
4144259
55819398
4471949
9780367
212113
212114
56081556
867481
9780377
146588
9583773
769186
572595
56048822
48312
507064
703678
507070
212163
55786699
55786700
638160
9780439
5323995
244956
539875
14630116
56048869
9485540
441575
5225705
507121
769275
244987
179454
179457
9878789
55819525
146696
9583884
56081680
55754004
55754005
56081687
3325207
55852323
441638
802088
56048938
736557
179501
55786800
376113
55754035
48446
55819586
55819587
55786826
736588
81230
3325264
56081750
5619039
55786849
55819621
81257
55786861
56081775
769401
376186
834947
769432
802209
55819685
441773
572850
474572
55786957
55754190
55786956
9616852
3325397
277972
4799959
56049115
9584096
13417954
3325414
409068
4537838
81392
474611
5553656
55787004
55819778
540169
13352460
507405
55787026
56081941
146965
3325468
81439
704035
474660
704037
56049192
55754281
3325488
3620404
736822
9780794
55819834
736832
55819843
55819846
638537
55787082
3325524
55787092
9682523
409181
310880
835187
310903
81528
56049274
3653251
179846
9584263
605835
55787149
56082067
573076
9780892
4800160
4275875
540334
55852719
55852721
55787185
16059
55852732
37633731
33406660
573127
55754448
56082132
81622
81624
4374234
48859
55787226
671453
736998
4374249
3325674
48876
605936
769780
4374268
737025
179981
179982
671505
48922
3325723
15810330
48928
4243235
81701
114470
3325734
48936
9781032
5881648
4374324
4374326
3325756
48962
802627
3325763
4374347
540494
55787342
9781070
48980
9486170
55820135
3489641
49004
606060
81774
9781103
41598832
55820144
49008
55820147
49014
9781111
55820154
507770
638844
49021
49020
3456896
3325827
9781129
606102
475031
81816
311195
81822
9781151
55820192
55820193
55852959
81827
9781152
49061
49065
55820205
49070
704431
56049584
376753
835506
540598
55787450
55820221
49103
704463
81871
180176
49107
409561
376795
376796
56082397
376801
638953
56082418
5455862
507895
49142
3325945
540669
638975
55820289
278533
55787538
4243475
55820310
55820314
55787547
442402
835624
213037
573494
55787574
213048
49211
9551934
56082496
9781315
278601
835660
9781329
49234
376914
245850
245857
147556
4210789
49255
245866
835691
49267
5259383
3457150
409728
49282
311427
508037
409734
442511
49304
49305
49307
376988
55853214
9781408
770209
55853217
5619883
377004
245939
377017
49341
508099
82115
377032
573642
56049867
377035
56082640
540880
377048
9584857
377051
9650396
508129
55820528
671988
9879797
14795003
147708
9584893
377094
55787801
55787804
49436
55787807
377123
311589
49447
55787819
213292
56082732
55820592
377142
377151
82241
3326276
9781575
55820616
115017
55755080
55787854
3326290
49490
606550
377177
49504
55787873
55820647
3653993
9683306
9617782
49542
49543
15516043
410001
377235
311703
49560
55787929
49566
49569
49574
49578
55820715
41435564
639409
55820722
4571579
55820741
115143
55820746
3326411
3326412
3326413
377293
508367
573905
55787988
737763
15581673
55755244
55788014
147954
639481
410106
9683453
55820798
55820799
55820803
55755276
410130
705049
56082977
55755299
9617957
442918
55755303
55755305
55755306
55788080
55820852
279093
5358133
410164
377396
541241
55853630
55984708
55755334
737862
442953
9781836
9060941
9781852
4145766
410215
9486965
49785
82554
5063289
148095
279168
9781890
82567
55755399
279176
55820941
475791
55820945
9814674
55820946
639636
55820950
55820951
475800
377495
5358236
770719
737957
246448
9781936
5784253
639678
4637375
705220
55820999
55821001
14107347
672474
41435867
377564
9618147
279268
639717
508650
55755499
836333
705267
639743
180996
836359
55788299
55755534
738065
5456660
55755542
770838
55853850
33407777
3326764
738094
705326
3326768
14926639
377653
607030
49973
82751
3851073
377673
770890
836425
56083276
508755
55788373
9782111
55755616
55755615
672610
55755619
672612
476007
3326825
377709
50029
50032
3326833
55788400
55788406
770934
55821185
213895
377740
672653
55821197
55821200
377745
5555092
15647638
410527
82848
55788449
56083361
55821218
4965291
836534
705463
50104
50105
3883966
55755710
50115
5817289
36029390
55788495
56083406
55821263
55788494
5456846
82900
377822
3326942
3883998
55788513
508897
377827
50155
607217
5751794
55854071
377848
3326970
55821306
50172
574465
33408002
640003
377866
55788555
377873
508952
705566
56050718
55788574
33408033
56083491
56083494
476200
56050730
55755819
56050733
82992
56083510
56083514
55788602
410684
3327044
410699
607310
410703
3327072
377960
377961
55821417
705643
5522536
377969
672883
574586
410748
55788676
55788677
55788680
5719183
15156367
55821461
738455
803992
378011
509084
476319
41436319
55821475
55821477
378022
56083625
378027
9782450
378049
55788738
83142
55854281
56050893
4539599
705743
56050895
378066
55788755
672982
672988
378079
378093
640242
56050934
55788793
4637946
541947
83196
247033
804091
181504
3622148
378129
378131
55788822
56050966
9782552
83228
673057
83235
705829
705835
56050987
181555
378169
15156541
574791
542025
55788873
3327308
673100
55788886
55756119
55788888
116055
410979
56083812
509290
214381
55756145
771443
55756149
3327355
55788923
55854472
56051081
56083848
771478
55821719
37635482
50602
55756208
738739
640441
378302
771530
378315
56051161
247258
4244956
378335
56051167
378336
56083938
55854567
83432
83433
55854570
6112755
55789044
55854580
673273
83455
3687946
55756301
509453
804373
55821849
55756325
56084008
542249
55756330
55756331
55756329
280109
55756334
55821866
56084031
55789123
83529
55756366
9782864
55821907
50797
738927
13616759
640632
56084089
55756413
640637
837255
280209
55789223
149163
640687
149171
706228
13223605
509626
575163
9619131
739003
55789248
41436881
41666258
771799
378591
55822049
55822059
5195501
9914100
35342082
83716
476938
83722
542480
6014736
83733
83737
3327775
56051488
378658
83754
56051500
56051501
378676
55822135
608058
9652036
411472
149337
378724
55789414
13322088
55756659
4999032
83834
444289
55756681
9652108
55854989
5031822
55854999
55855003
837540
477094
55855016
608168
55756716
83886
55789488
673716
55822261
55855035
9783231
55855046
55855047
55855057
378833
55855065
640985
378846
706538
542699
55822318
56084462
739315
55789555
83958
55855094
55789560
378873
55855103
411652
411666
837651
55789590
55789595
56084524
444461
182326
55822397
510018
84034
5294159
55855183
55822419
772184
9783394
50022502
149608
608364
55822447
55855218
55822456
247933
837758
55789698
51348
149664
55822497
3655848
641198
379060
4868277
55789748
379063
55855289
149693
9652414
739521
55855297
84165
51407
55789784
55789791
55789793
280811
182507
772333
84213
772345
55789826
215304
4933897
739599
13617424
3819797
84249
56052000
772393
477487
510256
55789880
215360
379202
84302
149838
8931680
379243
608634
379259
9619843
575878
280967
379277
379279
575891
706975
55855524
379301
379302
772523
55855532
182704
37734837
55855541
6048188
41404861
9619902
772543
84414
674242
55790018
149957
55822790
739787
379349
608727
543195
84445
543202
55822819
707045
444906
55822831
707057
772598
9751031
412153
55757311
3885567
9587202
576005
13552136
379403
55855636
150040
84507
84510
55822882
84519
55855656
739891
9620021
9783862
281143
84536
641599
674368
37734975
4704841
55757389
55822926
4541008
56052305
55757399
510554
150136
477822
5065343
10766979
215685
4934277
56052361
55790218
55790219
55790220
55790222
55790223
55790224
55790225
9587346
55822992
576145
9783950
281239
281240
55790233
55790234
50023068
379553
5950116
55790250
50023082
55790256
55790257
56085174
281270
50023099
674495
805575
641735
51917
55790285
379610
51943
84713
805611
56085241
55823099
55823100
379647
55823104
4082433
55855879
55757579
805645
55757595
50023198
50023199
379697
379702
56085304
50023227
55823166
55823168
55823171
55823172
55757641
379736
55823194
52065
215909
641896
772970
445292
33409901
14961519
84857
56085370
478077
4377472
55823234
84881
55856017
84884
576404
215958
379807
9784230
215974
9784232
15846330
674748
379843
609223
412617
805833
55856078
3460063
84971
5164018
3558388
37735413
55856122
52221
9620479
52227
150533
9784327
674824
56085514
55757836
52263
511025
55757880
55790654
19518
55790655
150594
838724
805957
4410445
55790681
55757917
248935
805992
55757932
56085613
55757934
740462
56085616
56085614
56085619
56085628
806013
55757949
55790716
576644
478345
56085641
478349
56085645
52371
55856278
56085657
56085671
50023591
55823529
150705
85182
55823557
19657
642250
55758027
740560
5295320
55758041
380122
4246746
85209
380126
642271
511208
740589
55823602
216313
9620731
9587972
281864
380171
740624
55758097
511255
55758114
412968
19755
380205
5655863
773431
55758144
55758147
9850180
642384
55790928
4967767
55790939
56085852
19807
85344
380258
37670246
55790958
445808
3526005
55790976
55758210
50023813
19847
413076
380310
118173
4279714
55791012
55856551
9686443
41668025
183746
380358
5262795
478675
9588183
216536
216542
839137
5852643
708072
19953
282098
85489
773624
642562
9588228
52749
3788307
69102
151063
5852706
15846954
446000
5623358
839231
9588292
380484
55791173
9555534
52822
55758425
5361246
183906
380524
642676
675445
151156
839288
380542
609920
4476544
9817735
20104
4116114
14765718
14274200
55791265
9588387
55791268
5230250
9719488
55824078
118479
4476625
5492444
380639
216801
118498
50024162
708325
4116198
9785063
55791339
20206
249595
380671
55856898
56053507
55824132
380677
55758611
55791382
380695
55856924
839453
85790
380708
806698
4378415
55824178
151347
56086324
577333
56086334
741189
380742
282439
55824198
5918541
642894
53069
380763
380764
85854
9588576
380768
55856993
53089
5721954
413538
55856994
85874
151414
55824249
9654142
380799
55824261
85894
380811
10768270
249748
85908
41439127
85927
413610
511917
380852
9588664
9588672
380867
610245
41439179
4345805
55758798
55758806
50024417
380903
85992
4640751
53232
55758831
643060
50024445
282622
86019
53251
512004
708621
55758883
55758886
55758896
9785392
56086580
413750
380984
10047544
9785400
839739
806993
381013
446551
5263448
86113
708708
55857265
9621621
50024576
56086656
774286
9785489
708755
381081
56086682
9785502
9785503
55824543
55824555
20651
577713
86208
9785538
55759043
151747
807108
55759044
50024649
774353
55759071
55759076
446693
14766309
9621745
55824626
413940
53495
56054012
50024701
50024705
676100
577802
5165323
55824656
55759137
34722083
479525
774442
250160
56086834
55824694
610618
41439546
741695
807239
41374024
643405
3658063
4968787
4641110
512355
708984
41636219
414077
446850
807300
381325
86414
50024863
610729
807338
9785777
283060
3985847
545208
41701822
37605833
610762
53707
53710
53717
217577
741874
55824889
545277
55759380
55759386
53792
56054338
5329477
55759429
50025032
512584
86606
55857744
55857746
55857748
55759450
55824988
86621
676446
56054366
55824989
55824990
9818724
709221
55825008
55825020
53887
53888
774785
840319
55759494
4215432
709258
55825037
9884308
610977
578211
21173
21192
56087249
185050
5526242
742115
55759586
55759593
414446
56087290
807676
86785
37606150
185096
447241
55825164
55825169
545567
56087327
56087330
55825189
5067563
54064
56087350
381756
643902
55759682
4248415
742242
55759730
5657461
414583
5362555
55825280
5723010
414595
55759752
643981
86927
86936
55759768
283546
381852
283550
56054692
56054693
56054695
9753512
21416
4936618
6017966
578480
250810
55825344
447440
21465
9589726
742368
55759841
775137
807910
152551
9786348
55825389
56087535
447472
9589750
807935
152576
56054785
775169
21506
381957
185350
54287
250901
9589802
4674609
807988
283703
644154
775235
9786438
41440330
87124
414805
56087643
578659
55825510
56087655
56087658
87155
644222
37606533
414857
677010
545941
55760024
480419
808104
55825589
4347062
56054968
87227
382142
56054979
56054981
3462343
480457
87243
9786573
775374
120024
55858401
55825637
185579
742637
120048
611588
102019
840971
4445453
102021
87315
41440532
513302
54551
54562
21799
5199144
87335
21818
87361
41440584
55825737
644432
55825745
611666
251222
55825751
3462497
709985
775532
3462520
55760250
87425
54657
5330311
677275
513438
55825835
55825837
5166524
55825853
710079
37770691
185797
382408
55760333
382416
56088018
56088019
56055251
4347351
153052
5166561
218595
54758
579046
55825899
808429
513517
841199
3462641
3462644
284153
56088061
448001
611842
480774
579081
4249103
56088083
9852446
841248
480803
56055335
9786946
9492037
54854
742983
13620808
808523
87633
6116947
710232
775769
644702
9623140
54888
54890
6116979
50026103
611961
546431
448129
3528325
55826061
56088206
54927
54933
186009
841374
4019870
841376
55760549
55826086
87728
3430082
284357
56055493
743111
56088265
841419
612050
56055519
87779
56055530
56088301
55022
56088305
87797
56088311
448250
120575
22272
186124
448268
9688852
579349
644889
481049
612129
415521
513829
546601
186156
743219
9590590
55117
55826259
481110
579415
579416
579417
579414
808797
56022885
513894
4446055
87920
55826289
87922
10442613
15423350
710518
9787256
710528
55793540
55793546
87947
55826317
9787286
4183959
808856
4609944
4085663
743332
50026404
677802
612267
481200
513972
9754548
87988
9721791
153536
88005
9754566
4184007
55243
56055758
55793616
55793619
55268
55760876
415738
4446203
382974
415749
5167111
55793671
4511754
9787413
41441309
153631
579618
55331
546863
13654071
55760951
37771321
56055869
645181
9623615
88127
9656385
219202
579651
56023112
481353
5036107
55793747
9590868
448597
55793751
186457
579674
546906
41441373
55793758
50026591
55395
252006
153703
710761
612458
219244
153710
9787504
481392
579715
579726
546959
10377364
645280
579746
41441451
88240
743630
13228249
710881
4053230
776447
38000906
9820430
55793934
9656591
9820437
55859481
55859482
55859483
55859484
678173
55859485
55859486
55859487
55761178
5069085
55859491
5069092
55859493
55859494
55859492
55793959
55859496
219434
55859501
55793969
55859506
55859507
153908
55859509
55859510
56088887
55859512
55859513
55859514
56056121
55859516
55859517
88382
710975
710977
55859523
55859524
219461
55859525
55859527
612680
55859526
55859530
55859531
55859532
416077
55859534
448843
842060
55859529
55859543
55859544
55859546
55859550
55859551
6084959
55859554
55859555
842093
186733
55761266
153971
55859572
55761269
55761270
55761271
678263
9591159
416123
842111
383359
13851012
5069199
5069202
5069206
9656731
55859612
154025
55826874
55826875
55761342
448969
6019529
55826892
121292
645585
514528
23016
14342637
55826927
285171
56089076
15161844
55826936
37771768
285183
55826947
55821
23053
809488
23057
481810
41343510
219682
9984546
481832
219693
56089134
23086
23090
50027058
55861
121415
383564
285266
10508890
55794268
776801
481895
88679
10705519
5986932
56056438
5069433
219776
5659265
55827076
842381
9558671
121488
50027153
711318
547481
645786
55859866
37706433
383685
10115794
37706453
56089302
678613
514782
449252
88810
547562
219885
9853686
482051
50027269
56023817
55859979
10115859
121623
842522
9657118
482096
580404
88884
3496759
744249
678719
50027327
56130
9591627
4414284
3562321
11721565
55761769
3464042
285560
9591673
3988357
9755532
6019982
482193
56089490
482198
711574
842650
56056737
711587
777126
56089510
55761832
449453
14736301
514997
416702
23487
3890111
56089547
9591773
56024030
285664
13229028
9755622
613357
23538
416769
285699
3759112
56089609
449545
121868
5757970
89111
56089626
56089627
252956
482332
6052898
252963
56089640
252982
285752
515129
646205
50027607
154712
9755737
449625
50027615
154720
56024161
56056928
9788516
55860325
56089702
482409
744568
55860349
4349060
810133
4086934
679065
56056989
56056990
56056992
56056993
56056994
56483
56056996
56056995
711853
55860398
548020
55762106
580795
744646
56518
9886922
711882
50027725
5299413
449753
253148
56554
417002
253164
50027767
4906231
50027769
843017
744713
3464470
50027802
744740
515372
449837
56024365
548142
482608
56024371
711993
23867
4087100
580926
50027839
55827779
9592134
55827797
56089945
55827813
55762285
548214
56024439
155004
9592188
810371
9592199
515469
581032
777645
56751
55827889
56763
384446
55762369
4840910
220630
55762391
613848
55827932
33381853
55729641
55860714
581101
55860723
5332470
384504
55762425
89595
122365
55762432
56057346
55762436
56057350
56057351
5168648
56024586
286226
613911
417308
55762460
89634
55762473
9592362
56057390
122417
9756209
4152887
679480
55762487
56024642
450119
55860810
745038
9592405
679512
220765
581217
55860835
548453
843367
3399274
55860862
55762560
417409
9494147
9592452
56090252
614030
37772952
515745
55762593
286373
24233
55860907
56024751
3530421
56090301
13885119
89793
56024777
56024778
745168
57043
56024788
55762645
56024790
55762647
155353
56024803
56057573
679653
56024807
9592566
55860984
55860985
777979
9592575
10739456
24328
450321
253714
646932
13983509
89891
89893
220965
55861030
9592621
4120370
614195
55828278
220988
679740
55861058
614211
384839
89928
33808202
221007
55861072
55828307
89942
24408
188250
188251
55762782
57183
56090470
3989351
55828326
9756520
55762792
55861094
450414
4480887
24440
24439
55861123
89998
810895
221073
9592723
5332891
13164446
5201828
679856
9592759
56090553
55861177
56090554
122813
14213054
9592768
56090564
56025029
5988303
843734
55762905
55828447
55828450
90094
516089
9854972
56057853
56057854
712705
56025095
55762952
614409
55828498
56057875
4710422
4710426
55828509
548893
90147
614437
55828517
5201959
679978
745515
56057902
417844
385076
254008
9789500
4710470
647240
843850
56057932
450637
221263
450640
56057936
90216
221288
55859488
188523
55859489
90224
90235
221308
56057981
55828605
90239
549002
55828628
9887909
56058021
90285
57518
90306
13164741
13918414
254175
680166
614639
5824752
9625842
90360
418041
286978
483588
56025351
57623
614681
549145
516385
55828774
55828776
516392
418088
41443629
56058162
254261
41443639
516415
155968
9593157
188744
90443
41443668
155992
55763298
56058213
24937
90481
9494899
56025461
582009
221561
56025465
3694972
90495
57730
56058242
5988749
188814
90511
221590
778651
90525
9593249
90531
33382821
156077
55861682
55861687
9757114
55861690
14475713
90563
4514245
41443783
41443784
56025543
3400137
418251
614867
418260
9888215
90590
418273
90601
55861739
9495019
90604
55763439
156143
55763448
188920
55807465
5038593
221705
55763468
9593357
614925
9593362
10609175
55861793
15426085
4186665
451114
55829036
844338
9757240
56091194
57919
746048
33415747
123461
5923398
4350539
55861857
9593446
56091244
55861889
55829123
811653
56091280
680592
647831
55763608
5497496
55861918
5890719
56058529
56025762
385698
5890724
56058532
58028
844461
55763631
778928
56058547
9593525
9593528
55861948
3498693
55861967
582352
90842
55763684
4514537
4514540
516846
55862005
37741306
56058621
680706
5726979
58120
55829261
58144
55829290
5890863
516915
451381
5563191
549688
55862074
90944
56091456
582479
55763798
385882
56058718
58214
582503
9790315
38003570
9593731
55829381
9593735
25480
9593738
582543
56058771
55796630
55862171
549789
9593760
484256
3957668
55862189
91057
844735
418752
15098815
484298
9757646
484303
56091611
5825502
37610473
3728383
287755
25612
648205
5137422
25613
287760
4547605
25624
25626
56026151
56026153
56026154
55829555
55829556
615490
25669
91205
681035
91213
582738
5039186
255060
25685
4351065
56026211
3368041
9823348
779382
56091766
517240
56026234
91260
25732
550020
9495693
812173
37774484
56026266
484509
56059040
9757861
25768
386217
25772
56091824
9823416
386232
91321
9692354
746690
222407
5334223
779481
56091865
419042
9856230
845044
56059129
56059131
56059134
9594115
56059142
56059149
6022427
648479
5104928
746785
55797032
56091948
55862577
3695925
55862584
189753
222526
9594181
91464
615755
550220
845135
5039439
779604
419160
5039449
55862620
91495
91498
222574
3728751
255346
648562
288120
681342
91523
386443
25996
255377
58770
583059
55764369
55862686
255396
288168
91561
55764401
845235
55764405
55764409
55764410
55764415
58815
583112
58826
779726
26064
55764433
55764445
56059362
3728869
55764458
55764461
55764462
55764463
55764464
55764472
56092154
845308
3565052
55764477
9823741
517635
55764484
55764488
55764493
33416723
33416725
55764501
5039641
26139
55862815
615971
56026665
452142
9594414
714289
26167
714300
288323
9594437
9594441
26187
26188
26189
9791057
55797332
681562
14509659
55830113
681571
681572
55862883
9791079
583279
4515440
55830132
812667
616065
3434115
583304
55764619
4515468
55862923
55862926
59024
91794
5990034
681623
55862939
55862940
124572
55830173
55830174
485023
55830175
3827359
681632
59044
812703
91814
9594535
55830182
55862957
56059568
55862967
91833
681658
124603
9594555
91837
9791170
55862978
55764676
4253381
55862985
37775053
26325
91863
55830238
91877
26342
26350
4417270
56059639
59127
55863041
222980
4253451
56026899
222996
222997
56026901
9824023
386836
812839
41379624
9791277
91950
56092468
780085
517947
616251
91971
5859139
55830342
583500
5597011
4777815
255836
92001
5072739
26468
26469
59241
15525744
9791346
56092533
812920
55764861
649087
55830401
583557
26507
255884
550797
55764878
583564
550808
9889707
3368876
59309
26552
780218
485312
55863237
33417161
10348489
55863242
92113
59346
9594835
9594836
41445332
59349
56092631
92130
55764970
55830515
649205
9594870
59384
55863288
845822
9594886
9758728
845835
59411
55830549
56059927
4483097
59424
11823136
747552
714789
56027175
40364084
9594939
55797837
59477
55863386
11888732
387169
55765091
55765093
55797862
5761128
4515948
780400
780403
55765111
9595001
288891
9595012
9595016
56060044
55765136
419988
59549
9595038
55863455
4810911
55765156
3631271
9595048
59563
55863475
813239
55797945
4942018
59586
9595076
56060100
59590
55863494
682184
9595078
9595079
649421
846035
55863510
518365
59614
55797983
9595109
9595111
55863529
92398
55765230
3926259
55765236
846072
289023
55863552
59648
289027
3336452
55765255
157960
289040
26896
59668
26912
190757
452907
289071
420144
59704
4319544
26939
59713
747845
518479
125263
485718
40593754
56093021
780639
59744
518499
55798135
56027512
55863672
780668
59773
92540
59775
55765378
9890180
4352390
55765389
92562
518548
420244
256429
3566002
56060338
223668
223670
223671
223673
59836
59839
56060353
92610
37743048
59849
56060372
55863764
649685
387540
56060382
59870
715233
551399
485868
9824753
420337
56027636
3860983
9595390
158217
387600
59930
92699
92701
9497132
518703
56060464
59956
59965
56027709
3861055
55863873
518724
56093254
9759305
55863882
55863883
55765582
715348
59996
617054
60006
55863914
9824875
56093292
55863917
27246
14838383
55831152
846446
5171826
9595510
55863927
813688
3631738
56093319
715400
56093321
56093322
9595531
56093320
56093331
780948
92824
3992224
55831201
60069
289450
5466797
92845
846514
60091
518843
55798461
55864001
780997
682697
4385482
55765709
56093390
584403
55798489
27358
649951
846562
125683
682742
14445305
617210
55798526
55798527
224004
748304
55798545
10709778
55798548
9857817
715546
60185
387883
813871
55765808
781107
60229
60231
55798608
617297
60249
55765849
650078
846689
4451177
55864175
55864178
519036
420735
55765888
3632004
9595781
3632009
27531
682894
56028049
56060820
9825177
453536
453541
56028073
55798706
551858
60340
55798712
158652
814013
748482
56060868
4516814
55798734
10644432
158670
158675
617431
9661399
27609
5270490
846810
55798744
617451
814065
814067
55766003
55766015
420871
9759764
40463387
60444
55831581
453661
60454
453674
55831595
814123
55766060
55766062
55766066
9628729
257086
5467210
650320
56061009
55766098
55766115
55766116
27747
55766120
55766121
55766122
55766123
55766124
41380972
55766128
55766129
9792626
55766140
584829
289917
60546
27780
55766151
9628810
224397
55766157
5926032
257176
55831705
55766172
9628828
60575
56028320
55831712
486563
13757604
55798953
781481
453801
13298862
715952
814258
9890996
60597
224444
37612735
55798976
60613
55831751
9792712
55798996
55799002
60640
14445792
55799013
60646
27888
55831792
126194
55766257
3665142
388349
55799038
9858303
847104
55799043
38530308
9792776
584972
55799054
781584
55766288
27926
55766297
55766299
55766306
27951
781615
617775
55766333
290116
191813
388432
55766364
617822
421222
814445
9497966
28021
3468662
257405
55864707
9596300
55831954
55831955
191891
56028565
55766427
126365
617886
486814
617893
126373
552378
585151
814528
552385
5041599
191942
716239
9891283
3960285
388581
55864806
4287975
683509
14708214
5238266
60924
9760254
257538
56061458
4124178
716308
56061480
421417
224809
10022445
192045
126512
56061495
749123
781891
13954639
55766608
3698259
55766617
55766619
9727582
716390
192113
9825921
5172868
716424
9596566
5861022
781986
552611
716459
55832241
519858
28343
61117
9596614
9727691
61132
618188
552657
716503
847579
487133
847582
847591
388842
55766765
41447152
55766774
55766781
519957
749334
9826071
56094502
749355
56061739
93998
37613382
37613386
37613391
37613393
56094546
716629
28503
28505
9629530
814943
56094560
61287
56029032
61292
9826158
94062
552818
9629560
56061822
5992319
94081
28546
61318
585615
815006
56061856
61349
3567531
4747183
61361
61363
487350
9859004
782269
651198
4255681
28613
126919
94151
55766985
28618
520147
94171
56094694
28650
421871
126962
94194
4812789
126976
55767043
61445
55799817
61450
61453
421902
126993
421909
55799830
41447449
585756
94237
94243
61481
421929
13627439
9826358
94264
61497
55832634
61503
4124735
28740
815175
159821
3764308
56062038
94295
487516
61536
94310
5697641
94313
9728110
56062062
94323
61563
94340
553092
5697670
815241
55767180
56094862
487566
290963
94359
3600536
55799963
422046
3764391
56029351
56062121
56029353
56094891
94378
5763246
94385
61621
5763256
94393
3764417
6058177
5763266
5763265
9826502
3764426
56029390
9853237
684248
5763290
159963
454874
585951
684261
159978
5763312
291067
5763347
5763350
782614
94495
5894438
651561
56029481
553258
848178
225587
61751
55800122
13168954
9498943
651584
454984
9597258
94541
749903
717140
389464
50000221
61793
3666276
94580
782712
55800197
56062341
3436939
55800205
225679
422287
586137
94627
586151
55833001
29097
520619
55833006
94640
586160
55833008
55800241
651698
55833012
55833013
815542
55800247
55833009
55833020
291261
225726
717253
618959
225745
618970
225758
9826784
61921
50000354
192996
291302
50000375
12313
127499
422415
4977172
6091288
61988
455204
61989
94759
619048
55767592
4256302
782899
55800372
5960248
56029756
55767614
55800389
55800390
55800391
684617
55833164
9695821
62030
56095313
225874
29267
651864
684639
3469922
55800420
225893
56095335
56062574
56095344
55800436
55767672
55767673
10613369
55800441
422527
586376
55800476
55833250
55767718
29351
586411
127660
55734963
55734964
750270
55734983
848583
14480074
55800529
50000603
422621
55767777
50000611
55800547
291557
41448172
9597678
29423
55800560
9827058
55800562
553719
5468922
9892607
9597697
55735048
55735049
55800585
29450
717581
750353
55767827
815892
9597719
815895
55767836
55735069
56029980
29476
56062758
9597734
750380
95024
56095554
56095556
56095557
62276
389961
488266
5043032
95066
29532
4911966
717664
9630561
684902
55735146
29555
3797879
95096
55735162
586624
488323
55833479
5862280
488335
95128
9859992
95137
455586
848803
9827236
750498
38892454
193454
291770
56062914
55800772
56030149
390096
95185
55735252
55735253
95189
55735254
390107
29661
685027
160740
55735269
62439
29672
5469169
56095740
55735302
55833614
55833615
9696280
521243
193568
55768099
55735337
717865
56095787
291891
29748
56063033
55768128
193605
29769
55735372
259152
56030292
55735386
29792
56063073
56030306
193633
423020
586862
5862531
685192
55768202
55800971
55800972
291988
56063126
56030362
55800995
56095908
9565360
55735481
55801035
62667
9565389
55833810
62679
586972
29916
62684
160991
193772
4125933
62710
390404
4355334
5043465
685321
6026509
29966
161044
55735573
29972
5895444
423196
55768357
193831
55735592
816428
56063276
5535022
29997
95538
95542
30009
9860409
9499963
521532
161091
55801156
3437893
226633
4355402
56063305
161102
62799
292184
4355418
3470687
55768420
9827685
55768428
55735661
521582
423284
750967
587131
55768446
750980
4355461
685450
55735700
56063385
718234
56096157
55735716
62887
488877
55801262
55834031
456112
55801271
95672
30149
55768522
128462
423382
56096214
55801319
55735784
55735786
849396
390652
423439
30225
56063506
55768596
4093463
55768600
620060
30238
55768616
55735850
55768620
55768621
194094
56096303
56096309
56096310
55801400
9860665
55801405
55801406
55768641
39646785
783942
63050
55735883
63056
55801424
55801430
55735895
55801432
63068
63070
521823
161381
55735916
55768685
489079
30327
226938
456316
9565822
194177
226946
95884
685711
292505
226969
30363
784026
56096415
751277
63153
4355765
685749
456375
521911
587460
816851
390872
554721
685795
55834346
95979
95980
227056
56030963
10254068
259833
456449
587521
96003
55801614
227087
63247
55801617
653075
194326
4355864
63259
96031
55736096
554784
30502
816935
63279
849712
96048
96050
50001723
96060
3864380
227137
161608
55801674
3503950
9598807
423772
292701
751453
9828192
55736163
9828195
63335
63342
587631
55736176
587638
227200
685955
4192134
751495
55736199
55736200
55801739
423820
128912
423830
817048
849817
30625
55801761
55736245
554939
4421564
55769025
96196
620493
653267
653274
55834589
554977
55801826
55801827
718819
56031205
55801825
63463
63474
96245
55769082
587773
3504127
194579
30739
423961
587802
161820
13137949
4913186
4519971
292900
55736359
55736361
30767
161849
391227
63571
55736405
55736409
653407
850020
161897
55736426
55801964
13138031
227440
55736436
4323456
391296
456835
718992
56031377
50002071
55769240
55834778
63644
260254
5011615
55736490
260267
817325
653490
4192438
55802040
63695
55834834
555219
56064223
63714
15792366
63728
41384177
9599231
653574
5077256
3406089
63754
55802131
55802132
55802134
55736601
96544
55834915
653604
424238
3668275
457013
653627
55802175
50002256
9599315
194903
56064359
55802217
555373
96628
719232
522624
9599360
260480
9599364
5437843
752025
5142948
55802282
63916
4815284
9861556
5470658
227784
227792
56064469
522711
293337
227801
9828828
55802336
4356581
63974
129512
56097266
56097268
9697782
55802360
55802361
55769594
55769596
55802365
457217
56064520
817680
10222097
10287636
55802392
96796
96804
9566761
555562
391725
3930677
555574
55736889
55802439
55769673
9828937
55769675
55769674
55769677
55736911
260694
64087
490078
64095
5995115
5372526
9599603
14973559
55802492
55769724
6027902
55802498
55802499
56064644
391813
56031879
55802506
260748
55802511
56064655
31381
4520602
5733018
719529
228012
195245
588463
4356787
654017
391883
490195
55802583
9599714
31464
9599721
31467
55802605
195312
850674
195329
293633
9861893
38730506
56032022
621344
9861930
97067
9861931
523058
162624
129866
260945
392019
818009
129891
555879
654187
33389435
50002812
621442
97155
850824
424840
14318487
457628
55802786
55802787
55802788
228264
490411
31662
31663
687028
5733303
56064956
5143486
56064959
687040
33389508
55802824
55835601
687058
31699
56032213
9763799
4815832
9763801
687063
850908
556006
261099
55802861
719862
130048
850945
4881421
31779
56032292
424998
55737387
41614380
55835693
33389616
55802930
6028339
55802939
55802940
490557
56032323
97356
457810
97370
228443
64604
261216
130145
9600098
851043
5307497
654443
5405805
5471352
9600120
41679996
5307518
55835776
55803012
50003081
55737481
654473
55803020
55770283
523443
55770293
55737531
55770300
56032452
56032453
56032454
13728967
56065230
3669199
228569
55737565
228576
785646
55803125
97530
556285
64766
654592
55803146
55803147
55803155
55803156
261406
55803169
13499682
55770411
228653
50003247
64824
55803193
228666
55835965
55835966
55835971
851271
97610
392526
818515
5930326
64859
55803230
556389
261478
261487
785775
55737711
55836015
55737716
55803253
55737717
32119
55737722
490880
490886
654730
55803276
55803290
55737762
56065444
55737774
56065456
851383
56065471
851397
4423109
55803334
64968
753093
56098258
818644
55737813
55737812
15891928
458200
9829858
228845
5012973
720370
55803379
55803380
5996022
490999
818682
458240
55803400
523787
4521488
228887
41385504
5832225
9600562
818757
3735109
228938
55737931
785996
4128333
589390
753227
851542
458326
55803481
55803482
228961
55770728
55770729
654952
622188
228973
55803507
523905
130700
720527
523921
9567889
55738014
589472
32419
720548
458410
687792
753344
4292294
55738057
65231
720602
655067
55803617
55803625
55770867
491253
261881
130812
98046
56065791
655106
65295
55770900
55738142
98079
5865253
524072
491316
819000
458552
5275451
55803716
130885
10583883
98125
5799758
65361
55803736
229226
4259694
56033138
65395
3374966
5767047
688009
524172
524184
55738265
55738267
9600924
9830303
55771045
393126
753578
458668
55738290
393152
622537
196557
55836629
55803869
55803870
56033251
9863142
5242862
39223280
851954
5210111
